 -13005.4375
 -13005.6875
 -13001.75
 -13000.375
 -13001.6875
 -13008.375
 -13005.5625
 -13011.125
 -13006.3125
 -13009
 -13000.3125
 -13004.0625
 -12999.4375
 -13002.625
 -12998.875
 -13008.8125
 -13001.0625
 -13006.125
 -12997.625
 -13000.0625
 -13003
 -13006.625
 -13004.125
 -13000.5
 -12998.875
 -12997.375
 -12995.25
 -12998.8125
 -12991.5625
 -12997.4375
 -12995.4375
 -12999.125
 -12994.6875
 -12998.1875
 -12994.375
 -13001.3125
 -12999.375
 -12998.75
 -13003.6875
 -13000.25
 -13003.3125
 -12999.1875
 -12999.5
 -13004.625
 -13007.8125
 -13004.0625
 -13002.3125
 -13008.75
 -13003.375
 -13014.625
 -13007.875
 -13013.25
 -13007.75
 -13013.625
 -13011.5625
 -13009.75
 -13016.9375
 -13018.8125
 -13017.1875
 -13020.125
 -13015.25
 -13019.875
 -13017.6875
 -13019.9375
 -13014.5625
 -13015
 -13013.25
 -13011.3125
 -13013.125
 -13013.4375
 -13016.0625
 -13011.8125
 -13018.3125
 -13010.875
 -13012.0625
 -13013.5625
 -13016.4375
 -13009.625
 -13011.9375
 -13006.25
 -13008
 -13003.5
 -13005.5
 -13005.5
 -13010.75
 -13007.3125
 -13007.3125
 -13008.375
 -13007.875
 -13007.375
 -13008.4375
 -13009.9375
 -13002.25
 -13009.5
 -13001.75
 -13009.8125
 -13003.5
 -13011
 -13006.0625
 -13004.5
 -13006.3125
 -13001.6875
 -13007.625
 -13003.5625
 -13009.9375
 -13003.5625
 -13011.6875
 -13005.5625
 -13009.625
 -12997
 -13006
 -13001.5625
 -12998.9375
 -13003.4375
 -13004.625
 -13006.8125
 -13004.3125
 -13008.125
 -13000.1875
 -13005.625
 -13001.5625
 -13008.25
 -12999.5
 -13011.625
 -13001.625
 -13007.125
 -13000.8125
 -13006.9375
 -13006.1875
 -13003.5625
 -13008.875
 -13001.4375
 -13013.875
 -13006.4375
 -13015.5625
 -13008.4375
 -13013
 -13009.875
 -13012.125
 -13010.8125
 -13010.75
 -13011.9375
 -13013.1875
 -13018.1875
 -13021.375
 -13020.75
 -13018.25
 -13021
 -13019.1875
 -13017.8125
 -13018.875
 -13017.9375
 -13014.1875
 -13016.625
 -13011.0625
 -13013.3125
 -13005.625
 -13011.5
 -13005.3125
 -13006.625
 -13002.25
 -13006.0625
 -13004.5
 -13003.875
 -13003.9375
 -13003.1875
 -13003.625
 -12998.25
 -12999.0625
 -12996.8125
 -12994.4375
 -12998.375
 -12995.125
 -12994.3125
 -12992.5
 -12990.9375
 -12992.3125
 -12992.25
 -12992.125
 -12990.4375
 -12991.8125
 -12989.8125
 -12992.0625
 -12990.6875
 -12997.75
 -12995.875
 -12991.8125
 -12994
 -12986.75
 -12986.8125
 -12987.5
 -12985.75
 -12983.25
 -12979.6875
 -12983.125
 -12979.0625
 -12979.625
 -12975.3125
 -12980.5625
 -12980.9375
 -12979.25
 -12979
 -12979.0625
 -12979.6875
 -12978.375
 -12978.375
 -12977.5
 -12977.5625
 -12974.25
 -12971
 -12969.5
 -12968.1875
 -12969.125
 -12961.875
 -12965.125
 -12961.5625
 -12961.875
 -12959.125
 -12957.75
 -12953.1875
 -12956.1875
 -12952.8125
 -12956.6875
 -12948.9375
 -12955.1875
 -12945.8125
 -12939.3125
 -12940.4375
 -12939
 -12938.375
 -12933.875
 -12930.9375
 -12928.4375
 -12926.625
 -12930.25
 -12923.8125
 -12923.5625
 -12923.4375
 -12921
 -12918.5
 -12912.75
 -12915.875
 -12914.625
 -12913.3125
 -12910.9375
 -12907.1875
 -12904.875
 -12903.3125
 -12906.5625
 -12897.25
 -12900
 -12891.8125
 -12896.25
 -12886.5
 -12888
 -12883.75
