1002
1002
1002
1002
1000
1001
999
1000
1002
1000
1000
1001
1001
1001
1001
1000
1002
1003
1002
1000
1002
1004
1003
1003
1003
1003
1004
1004
1004
1005
1004
1005
1005
1004
1004
1002
1004
1006
1007
1004
1003
1003
1005
1004
1004
1003
1007
1004
1004
1004
1003
1004
1004
1005
1004
1004
1003
1005
1006
1007
1007
1006
1004
1007
1009
1010
1005
1006
1006
1004
1006
1006
1007
1005
1005
1005
1006
1007
1006
1008
1007
1007
1008
1009
1009
1007
1009
1007
1008
1007
1007
1008
1006
1009
1008
1008
1007
1009
1008
1009
1010
1010
1011
1009
1008
1011
1012
1011
1011
1010
1009
1009
1008
1009
1010
1008
1011
1010
1011
1011
1010
1011
1013
1013
1013
1012
1011
1011
1012
1012
1013
1012
1013
1012
1012
1013
1012
1013
1013
1011
1013
1012
1014
1015
1015
1015
1013
1014
1015
1015
1015
1017
1015
1013
1012
1014
1014
1014
1016
1014
1014
1015
1015
1014
1017
1017
1014
1016
1016
1015
1015
1017
1016
1015
1015
1016
1015
1016
1017
1018
1015
1017
1016
1015
1017
1020
1017
1017
1018
1018
1017
1017
1019
1019
1018
1018
1015
1018
1018
1018
1019
1018
1018
1019
1018
1017
1019
1021
1018
1018
1020
1019
1021
1020
1022
1021
1020
1019
1021
1021
1022
1022
1020
1019
1021
1022
1022
1024
1023
1020
1021
1020
1021
1022
1022
1021
1023
1021
1022
1021
1020
1021
1022
1022
1023
1022
1020
1023
1024
1023
1022
1023
1021
1023
1024
1022
