-5
-343
-551
-485
-530
-487
-282
-122
143
474
793
1052
1377
1642
1919
2224
2494
2666
2785
2930
2997
3154
3317
3438
3496
3568
3593
3654
3748
3835
3777
3839
3885
3902
3937
3983
3937
4068
4079
4204
4197
4274
4151
4293
4318
4256
4267
4224
4268
4239
4268
4298
4252
4330
4322
4273
4364
4295
4273
4275
4323
4268
4348
4341
4289
4333
4304
4246
4261
4274
4288
4237
4254
4250
4296
4275
4303
4313
4314
4250
4200
4271
4315
4313
4322
4311
4349
4278
4287
4286
4321
4269
4341
4369
4366
4369
4328
4335
4241
4308
4287
4348
4268
4256
4312
4330
4299
4319
4357
4288
4258
4279
4355
4359
4291
4279
4332
4300
4327
4369
4333
4378
4325
4327
4363
4365
4344
4333
4319
4334
4279
4318
4318
4302
4341
4367
4311
4375
4362
4333
4308
4318
4329
4289
4384
4371
4260
4267
4251
4314
4249
4356
4351
4399
4359
4323
4308
4364
4328
4360
4313
4306
4371
4402
4351
4344
4302
4216
4310
4267
4315
4321
4342
4368
4361
4351
4360
4296
4298
4359
4416
4327
4389
4322
4291
4342
4352
4411
4371
4330
4356
4360
4352
4343
4353
4347
4359
4358
4354
4304
4271
4331
4404
4363
4365
4347
4391
4389
4369
4259
4339
4403
4409
4321
4373
4314
4303
4341
4438
4372
4371
4333
4282
4319
4262
4342
4368
4370
4287
4278
4294
4330
4332
4366
4361
4319
4349
4395
4344
4294
4376
4355
4353
4371
4335
4281
4347
4376
4410
4342
4351
4286
4318
4383
4351
4372
