354
367
356
350
359
351
349
346
350
361
358
348
355
349
344
346
347
346
348
349
350
352
350
358
345
348
354
358
347
352
346
347
353
347
356
337
352
351
359
357
361
358
353
348
358
341
357
350
354
352
352
353
349
359
338
345
355
355
355
345
347
346
349
347
339
354
350
358
360
352
354
351
354
356
349
349
351
348
353
356
345
360
356
357
344
341
346
354
348
356
346
345
356
347
350
352
344
340
346
352
357
356
346
347
352
345
348
347
359
344
354
353
353
353
353
357
357
351
360
342
345
349
352
351
349
348
346
334
350
342
352
344
350
360
349
354
342
357
345
340
353
345
343
353
341
348
351
342
344
351
350
352
346
346
343
347
356
358
349
343
349
337
345
345
349
347
338
347
352
350
341
347
351
344
350
347
337
338
357
351
351
351
350
340
355
352
339
333
342
339
347
347
354
350
346
348
339
350
344
348
354
348
351
335
336
345
348
346
337
350
340
339
352
346
346
345
353
352
356
347
350
352
363
367
354
364
351
357
363
363
364
363
361
373
358
364
361
345
330
331
315
297
284
249
208
160
102
45
-25
-105
-169
-255
-354
-448
-544
-625
