-13028
-13029
-13020
-13023
-13026
-13019
-13002
-13016
-12999
-13012
-12994
-13006
-13001
-13008
-12997
-12991
-12990
-12983
-12992
-12977
-12992
-12965
-12993
-12960
-12999
-12956
-12987
-12942
-12963
-12941
-12960
-12946
-12949
-12954
-12941
-12964
-12933
-12960
-12924
-12955
-12931
-12948
-12927
-12913
-12926
-12892
-12908
-12894
-12914
-12888
-12899
-12888
-12885
-12881
-12891
-12897
-12891
-12882
-12872
-12882
-12876
-12894
-12882
-12864
-12867
-12866
-12864
-12858
-12858
-12851
-12847
-12849
-12842
-12857
-12842
-12849
-12841
-12852
-12837
-12840
-12836
-12847
-12831
-12846
-12828
-12843
-12826
-12846
-12833
-12841
-12820
-12833
-12831
-12831
-12826
-12821
-12814
-12816
-12807
-12820
-12818
-12819
-12799
-12810
-12802
-12820
-12800
-12798
-12784
-12797
-12791
-12794
-12789
-12793
-12776
-12781
-12796
-12783
-12788
-12786
-12798
-12768
-12794
-12763
-12780
-12775
-12783
-12786
-12788
-12815
-12789
-12798
-12783
-12790
-12768
-12782
-12770
-12781
-12765
-12755
-12765
-12778
-12768
-12745
-12750
-12743
-12757
-12748
-12754
-12743
-12740
-12727
-12725
-12744
-12763
-12754
-12784
-12749
-12778
-12743
-12765
-12743
-12756
-12744
-12742
-12745
-12738
-12745
-12731
-12750
-12727
-12752
-12714
-12743
-12734
-12732
-12750
-12773
-12770
-12785
-12776
-12781
-12806
-12738
-12721
-12723
-12721
-12774
-12750
-12793
-12764
-12772
-12750
-12763
-12742
-12775
-12789
-12776
-12782
-12795
-12778
-12782
-12784
-12771
-12762
-12761
-12774
-12788
-12794
-12793
-12801
-12802
-12803
-12802
-12786
-12782
-12785
-12771
-12784
-12768
-12764
-12779
-12781
-12776
-12779
-12786
-12795
-12785
-12767
-12775
-12773
-12773
-12789
-12749
-12793
-12749
-12786
-12745
-12769
-12745
-12753
-12736
-12741
-12725
-12728
-12736
-12714
-12735
-12749
-12776
-12792
-12769
-12799
-12760
-12769
-12777
